Reason_1,Reason_2,Reason_3,Reason_4,Month Value,Transportation Expense,Age,Body Mass Index,Education,Children,Pet,Probability,Prediction
0,0.0,0,1,6,179,30,19,1,0,0,0.14864609894013756,0
1,0.0,0,0,6,361,28,27,0,1,4,0.8690329486890319,1
0,0.0,0,1,6,155,34,25,0,2,0,0.26559056204559134,0
0,0.0,0,1,6,179,40,22,1,2,0,0.227201921501449,0
1,0.0,0,0,6,155,34,25,0,2,0,0.7118024360877895,1
1,0.0,0,0,6,225,28,24,0,1,2,0.7077312882420026,1
1,0.0,0,0,6,118,46,25,0,2,0,0.5330707956026023,1
0,0.0,0,1,6,179,30,19,1,0,0,0.14864609894013756,0
0,0.0,0,1,6,118,37,28,0,0,0,0.1210117579400695,0
1,0.0,0,0,6,118,37,28,0,0,0,0.48460016368879416,0
0,0.0,0,1,6,378,36,21,0,2,4,0.4617055674736279,0
0,0.0,1,0,6,118,50,31,0,1,0,0.5317249004320397,1
0,0.0,1,0,6,233,31,21,1,1,8,0.3079087204267709,0
0,0.0,0,1,6,179,30,19,1,0,0,0.14864609894013756,0
0,0.0,0,0,6,235,48,33,0,1,5,0.05650635666595885,0
0,0.0,0,0,6,268,33,25,1,0,0,0.17099877438297273,0
0,0.0,1,0,6,118,50,31,0,1,0,0.5317249004320397,1
1,0.0,0,0,6,179,30,19,1,0,0,0.5438881045818352,1
0,0.0,0,1,6,291,40,25,0,1,1,0.38318762680003965,0
1,0.0,0,0,7,179,30,19,1,0,0,0.5420085365727431,1
0,0.0,0,1,7,118,37,28,0,0,0,0.12020841964105049,0
0,0.0,0,1,7,233,31,21,1,1,8,0.05478978339216887,0
1,0.0,0,0,7,118,37,28,0,0,0,0.482708648316376,0
1,0.0,0,0,7,118,37,28,0,0,0,0.482708648316376,0
0,0.0,0,1,7,233,31,21,1,1,8,0.05478978339216887,0
0,0.0,0,1,7,235,43,38,0,1,0,0.4753023863037604,0
0,0.0,1,0,7,233,31,21,1,1,8,0.3062970113363686,0
1,0.0,0,0,7,228,58,22,0,2,1,0.5903877545707049,1
0,0.0,0,1,7,118,37,28,0,0,0,0.12020841964105049,0
1,0.0,0,0,7,228,58,22,0,2,1,0.5903877545707049,1
0,0.0,0,1,7,189,33,25,0,2,2,0.2370423612335423,0
0,0.0,0,1,7,118,37,28,0,0,0,0.12020841964105049,0
0,0.0,0,1,7,361,28,27,0,1,4,0.49090003681045363,0
0,0.0,0,1,7,225,28,24,0,1,2,0.2602926081403231,0
1,0.0,0,0,7,369,31,25,0,3,0,0.9691801463095899,1
1,0.0,0,0,7,289,33,30,0,2,1,0.9085305413340466,1
1,0.0,0,0,7,235,37,29,1,1,1,0.7627647296726441,1
0,0.0,0,0,7,118,40,34,0,1,8,0.011946561391050105,0
0,0.0,0,0,7,231,39,35,0,2,2,0.20968350038229752,0
0,0.0,0,0,7,179,53,25,0,1,1,0.04747923561758513,0
